SINAGLOBAL=35583908945.38466.1632662233304; XSRF-TOKEN=cvk-RVYhyoTZvJpXapAAgQon; login_sid_t=95f3b9a1768ec4223239e6afdf96ca14; cross_origin_proto=SSL; _s_tentry=login.sina.com.cn; Apache=7587051160949.691.1642166916527; UOR=,,login.sina.com.cn; ULV=1642166916531:2:1:1:7587051160949.691.1642166916527:1632662233311; appkey=; TC-V-WEIBO-G0=b09171a17b2b5a470c42e2f713edace0; SCF=Aumg2f5Y26rzSqRY9YyhyKbNEXgg32VhSINhjFBDMr0nwS_TpROcSMujJsJmbY4T0L2ekKX_cSyfdH2m9Lz2seM.; wb_view_log=1536*8641.25; SUB=_2A25PPSQmDeRhGeFN41sU9yjKyzuIHXVsSxLurDV8PUNbmtAKLXnDkW9NQ6osNZl6pAvp9G4I5tHUVWrmNAjo7PI0; SUBP=0033WrSXqPxfM725Ws9jqgMF55529P9D9WFuaaOUryMCMwq33V2cq8pK5JpX5KzhUgL.FoM01h.fS0qcehM2dJLoIp7LxKML1KBLBKnLxKqL1hnLBoMNe0n4SKMcSo5N; ALF=1679460342; SSOLoginState=1647924342; WBPSESS=Dt2hbAUaXfkVprjyrAZT_MluKS62uSeMHZAhd56OhErIGuTOIsZdcMylezstxEwrLVwXPuwny4sLo5KSTNNesHb9QQGNAPZj4UfRFX7FpR0A9d9qVFI00g2MYxdg8RGrfFMrVpDWeCgChNYceWCnM_huLX5f8N57TuivNzznLwg8OJCGMdEYNu-eOWzOlQmSb3W5wPvs2qpnpQIRxGbtOw==
SINAGLOBAL=35583908945.38466.1632662233304; XSRF-TOKEN=cvk-RVYhyoTZvJpXapAAgQon; login_sid_t=95f3b9a1768ec4223239e6afdf96ca14; cross_origin_proto=SSL; _s_tentry=login.sina.com.cn; Apache=7587051160949.691.1642166916527; UOR=,,login.sina.com.cn; ULV=1642166916531:2:1:1:7587051160949.691.1642166916527:1632662233311; appkey=; TC-V-WEIBO-G0=b09171a17b2b5a470c42e2f713edace0; SCF=Aumg2f5Y26rzSqRY9YyhyKbNEXgg32VhSINhjFBDMr0nwS_TpROcSMujJsJmbY4T0L2ekKX_cSyfdH2m9Lz2seM.; wb_view_log=1536*8641.25; SUB=_2A25PPSQmDeRhGeFN41sU9yjKyzuIHXVsSxLurDV8PUNbmtAKLXnDkW9NQ6osNZl6pAvp9G4I5tHUVWrmNAjo7PI0; SUBP=0033WrSXqPxfM725Ws9jqgMF55529P9D9WFuaaOUryMCMwq33V2cq8pK5JpX5KzhUgL.FoM01h.fS0qcehM2dJLoIp7LxKML1KBLBKnLxKqL1hnLBoMNe0n4SKMcSo5N; ALF=1679460342; SSOLoginState=1647924342; WBPSESS=Dt2hbAUaXfkVprjyrAZT_MluKS62uSeMHZAhd56OhErIGuTOIsZdcMylezstxEwrLVwXPuwny4sLo5KSTNNesHb9QQGNAPZj4UfRFX7FpR2ytNzeg_lHKhNjzBiRFSVYKlF5CtPIK_rhnFKIib-fHSVQo6AYdh3sIJ8yvgNmfInV_-dUBj0ebx-WHNA9z3KbtdU5jHEnycPYALDt3KG7Pw==